m_a       = 68;
m_k       = 19.6;
l         = 0.38;
I_x       = 12.1;
I_y       = 11.67;
I_z       = 1.08;
r_w       = 0.1;
I_w       = 0.26;
r_k       = 0.22;
I_k       = 0.38;
alpha     = 65.5;
alpha_rad = 65.5 * (pi/180);
g         = 9.81;